function y = PCF2(c1, c2)
    
    b1 = [3.0603,0.1688,0.026];
    b2 = [0.0179,0.0008,0.0007];

    Y1 = b1(1)+b1(2)*c1+b1(3)*c2;
    Y2 = b2(1)+b2(2)*c1+b2(3)*c2;

    y = [Y1,Y2];
end
